-60.0 0.025745606190751537 1.9852889075485136 -1.9337976951670106
-59.39698492462311 0.02947605048015164 1.9889058630970122 -1.9299537621367089
-58.79396984924623 0.034027185030898195 1.9933040021694022 -1.9252496321076058
-58.19095477386935 0.03964789014571682 1.9987140367089595 -1.9194182564175257
-57.58793969849246 0.046685795454672246 2.005454763075748 -1.9120831721664036
-56.984924623115575 0.05563695070783548 2.013974911952343 -1.902701010536672
-56.381909547738694 0.06722646739304014 2.024918904207007 -1.890465969420927
-55.77889447236181 0.08254360848383673 2.039232203844338 -1.8741449868766644
-55.175879396984925 0.10327596924330469 2.0583327312120767 -1.8517807927254673
-54.57286432160804 0.13213047424924795 2.0843908022731803 -1.8201298537746844
-53.969849246231156 0.1736179632215314 2.1207734647710437 -1.7735375383279808
-53.366834170854275 0.2355572672158109 2.1726613442849714 -1.7015468098533495
-52.76381909547739 0.3319531565230596 2.247421655876624 -1.5835153428305044
-52.1608040201005 0.4879010889272137 2.3519965941542202 -1.376194416299793
-51.55778894472362 0.7428752420212601 2.474330794532973 -0.9885803104904529
-50.95477386934674 1.1190425763138565 2.514074746863086 -0.27598959423537295
-50.35175879396985 1.4648869569460097 2.319189426804819 0.6105844870872001
-49.74874371859296 1.4654713536569766 2.462236774980258 0.46870593233369495
-49.14572864321608 1.2557217364696525 2.4398309709381993 0.07161250200110558
-48.5427135678392 1.0756708814677491 1.9215177185832166 0.22982404435228165
-47.93969849246231 0.8206157860529668 1.8651190849087163 -0.22388751280278263
-47.336683417085425 0.496148104589651 2.0480546654862746 -1.0557584563069728
-46.733668341708544 0.2155128196330602 2.0026861567923073 -1.5716605175261869
-46.13065326633166 -0.019790093798927117 1.848377690476021 -1.887957878073875
-45.527638190954775 -0.25865559587816966 1.6221244251929212 -2.1394356169492608
-44.92462311557789 -0.5626203644762663 1.2766099992564706 -2.4018507282090034
-44.321608040201006 -1.0044787049083668 0.6927385076767598 -2.7016959174934936
-43.718592964824126 -1.5998575959333203 -0.27122047750436296 -2.9284947143622775
-43.11557788944724 -2.0263811175734654 -1.2128225488205586 -2.839939686326372
-42.51256281407035 -1.777299197259663 -0.7508085120052448 -2.8037898825140815
-41.90954773869347 -1.1716848364898556 -0.08763836228603417 -2.255731310693677
-41.30653266331659 -0.7001443936519025 0.08775912612598935 -1.4880479134297944
-40.7035175879397 -0.4495024541211752 0.7635948136073738 -1.6625997218497242
-40.10050251256281 -0.34531163609343607 1.2495702225234158 -1.940193494710288
-39.49748743718593 -0.33022716696038285 1.3226495598457022 -1.983103893766468
-38.89447236180905 -0.3777029409794537 1.0313088435299473 -1.7867147254888547
-38.29145728643216 -0.3832237009200063 0.5044266231647567 -1.2708740250047692
-37.688442211055275 -0.12341369756083304 0.8752962217719957 -1.122123616893662
-37.085427135678394 0.41465419863658615 1.8175917760784426 -0.9882833788052703
-36.48241206030151 1.087452110318415 2.424810073609028 -0.24990585297219825
-35.879396984924625 1.6678546574253796 2.543757403620541 0.7919519112302184
-35.27638190954774 1.7152402224146681 2.740142736532494 0.6903377082968423
-34.67336683417086 1.3681657726001213 2.896596040741075 -0.16026449554083255
-34.070351758793976 1.1076694445437267 2.8518004788662283 -0.6364615897787747
-33.46733668341709 1.0813389991897842 2.8420958473446456 -0.6794178489650771
-32.8643216080402 1.2944439619841352 2.8883246329439136 -0.2994367089756431
-32.26130653266332 1.6495635440572367 2.792193576505486 0.506933511608987
-31.658291457286435 1.718938491018377 2.5288525115493976 0.9090244704873561
-31.05527638190955 1.2138539547415266 2.454706534007446 -0.026998624524393167
-30.452261306532666 0.5379620176513269 1.884658124090691 -0.8087340887880372
-29.84924623115578 -0.008719885973160008 0.9435404529318784 -0.9609802248781983
-29.246231155778897 -0.30141835438915127 0.6251530817663604 -1.227989790544663
-28.643216080402013 -0.39318300332305406 1.062104916836019 -1.8484709234821273
-28.04020100502513 -0.4883833576857598 1.2222464371960204 -2.1990131525675403
-27.437185929648244 -0.6961075758372243 1.0371357050905692 -2.429350856765018
-26.834170854271363 -1.0588752329832114 0.48314548979284755 -2.6008959557592704
-26.231155778894475 -1.4939577266084096 -0.4392235511473699 -2.548691902069449
-25.628140703517587 -1.6180407436766173 -0.7553444300815164 -2.4807370572717184
-25.025125628140707 -1.303946626531982 0.07597848811282182 -2.6838717411767856
-24.422110552763826 -0.9669065392055715 0.6672062555833541 -2.601019333994497
-23.819095477386938 -0.8074399799684271 0.7600572546294506 -2.374937214566305
-23.21608040201005 -0.7874283011441774 0.3747902808480854 -1.9496468831364402
-22.61306532663317 -0.7307073114755874 0.07540159038083727 -1.536816213332012
-22.01005025125629 -0.5031847501132874 0.7801569848491806 -1.7865264850757554
-21.4070351758794 -0.21859549430840997 1.379509570307408 -1.8167005589242282
-20.804020100502512 0.04867696202791681 1.6145839937841893 -1.5172300697283556
-20.20100502512563 0.30488754243473887 1.486404628404045 -0.8766295435345675
-19.59798994974875 0.5013021842419233 1.2929451376053263 -0.29034076912147955
-18.994974874371863 0.5983519731092681 1.7357926267381363 -0.5390886805196
-18.391959798994975 0.6905197228309133 1.8138568219864477 -0.4328173763246209
-17.788944723618094 0.7414455911864349 1.5322914475873688 -0.049400265214498806
-17.185929648241213 0.6272355298759569 1.8472947253985192 -0.5928236656466055
-16.582914572864325 0.45865365632545346 2.0910665013163823 -1.1737591886654755
-15.979899497487438 0.3534426810575433 2.1273998116093473 -1.4205144494942605
-15.376884422110557 0.324691249840394 2.070740675649228 -1.4213581759684397
-14.773869346733676 0.36190819517109873 1.8840556522402918 -1.1602392618980943
-14.170854271356788 0.4268737550406912 1.4400910597006606 -0.5863435496192784
-13.5678391959799 0.41314829382210344 1.3084681176886115 -0.48217153004440455
-12.96482412060302 0.2954203748950849 1.7149115630076004 -1.1240708132174304
-12.361809045226138 0.17030637701037482 1.8394588243085443 -1.4988460702877948
-11.75879396984925 0.07283905636581822 1.710033991486807 -1.5643558787551703
-11.155778894472363 -0.007473254256472425 1.299105161278352 -1.3140516697912967
-10.552763819095482 -0.07663356162089113 0.7339481237066172 -0.8872152469483994
-9.949748743718601 -0.1346200983917833 0.9606028054613354 -1.229843002244902
-9.346733668341713 -0.20291976295236838 1.1274262414593939 -1.5332657673641308
-8.743718592964825 -0.2838430588489198 0.7338926193736397 -1.3015787370714793
-8.140703517587944 -0.3106122374183548 0.5383990053724328 -1.1596234802091425
-7.5376884422110635 -0.2589728611926183 1.0374707137486827 -1.5554164361339193
-6.934673366834176 -0.205228888763321 1.139072746242955 -1.5495305237695969
-6.331658291457288 -0.17547066645449075 0.7467248357128421 -1.0976661686218236
-5.728643216080407 -0.13935309993853545 0.8243533005527837 -1.1030595004298545
-5.125628140703526 -0.08841729368777407 1.4062008827058483 -1.5830354700813964
-4.522613065326638 -0.04085200208174971 1.7176656911343098 -1.7993696952978093
-3.91959798994975 0.0021724311310074096 1.8446875324366951 -1.8403426701746803
-3.3165829145728694 0.05079568943115231 1.8840982862574838 -1.7825069073951791
-2.7135678391959885 0.11829919451178075 1.8387473720966956 -1.602148983073134
-2.1105527638191006 0.2098074082142155 1.6061496354621734 -1.1865348190337421
-1.5075376884422127 0.273639170732577 1.1321510223718658 -0.5848726809067117
-0.9045226130653319 0.20082532767597758 1.2413231490039491 -0.839672493651994
-0.30150753768845107 0.017151259679127746 1.4379259590427478 -1.4036234396844924
0.30150753768843686 -0.18803596945066273 1.13617726856893 -1.5122492074702556
0.9045226130653248 -0.3553560520804715 0.5019150279494329 -1.2126271321103759
1.5075376884422056 -0.4037365541396139 0.6289803818079813 -1.436453490087209
2.1105527638190864 -0.3826982325848039 1.0612945214340608 -1.8266909866036685
2.7135678391959743 -0.3991566397957384 1.0163372470997947 -1.8146505266912716
3.3165829145728623 -0.4548855448870533 0.5131928188532886 -1.422963908627395
3.919597989949743 -0.4633656066533901 0.4488230483279988 -1.375554261634779
4.522613065326624 -0.41642580407601276 0.9712924923592325 -1.804144100511258
5.125628140703512 -0.4049621073351904 1.0780886528231308 -1.8880128674935115
5.7286432160804 -0.4466331747872903 0.685815925803843 -1.5790822753784235
6.331658291457273 -0.4503071775274465 0.3606425557520199 -1.261256910806913
6.934673366834161 -0.3464169358407816 0.9640841034716348 -1.656917975153198
7.537688442211049 -0.2199441940794045 1.4439556194741943 -1.8838440076330032
8.140703517587937 -0.12891537148149937 1.62684388655111 -1.8846746295141088
8.743718592964825 -0.07089233393166532 1.58555137064538 -1.7273360385087109
9.346733668341699 -0.028036409304337807 1.2635044116193885 -1.319577230228064
9.949748743718587 0.04016008180750419 0.8445827760949441 -0.7642626124799358
10.552763819095475 0.18698169276813703 1.334956893423365 -0.9609935078870911
11.155778894472348 0.42069669101268015 1.8918874108291224 -1.050494028803762
11.758793969849236 0.7294871056581202 2.058651577835499 -0.5996773665192583
12.361809045226124 0.9943960369911862 1.8451972700423003 0.14359480394007196
12.964824120603012 0.9721535112848959 2.0366248275741214 -0.09231780500432973
13.5678391959799 0.7637806505257096 2.3102318545556138 -0.7826705535041947
14.170854271356774 0.6224924755647206 2.352841983601588 -1.1078570324721468
14.773869346733662 0.6170122725149296 2.313414214504892 -1.0793896694750325
15.37688442211055 0.7345970454401848 2.152395207988744 -0.6832011171083744
15.979899497487423 0.859475010666497 1.7453512913309623 -0.026401269997968435
16.58291457286431 0.7552029788813732 1.7742653144652867 -0.26385935670254024
17.1859296482412 0.46021124121579 1.9514940283855953 -1.0310715459540154
17.788944723618087 0.17116118418200799 1.7876022208568227 -1.4452798524928068
18.391959798994975 -0.0760870803150653 1.3206858743666277 -1.4728600349967582
18.99497487437185 -0.2908658371418031 0.5929107117017038 -1.17464238598531
19.597989949748737 -0.45514079193814727 0.553093675833127 -1.4633752597094216
20.201005025125625 -0.6268895742861202 0.8131085854129783 -2.0668877339852187
20.8040201005025 -0.9032522835905228 0.5446650362912857 -2.3511696034723313
21.407035175879386 -1.2373879644800254 -0.21047001502480533 -2.2643059139352455
22.010050251256274 -1.3182962584580384 -0.4461142778537993 -2.1904782390622777
22.613065326633162 -1.0502918344243988 0.3538420630257053 -2.454425731874503
23.21608040201005 -0.7640459101551276 0.9298811840997618 -2.457973004410017
23.819095477386924 -0.6141555232485753 1.1242556143949378 -2.3525666608920885
24.42211055276381 -0.5955467227113773 0.9776231079669422 -2.1687165533896966
25.0251256281407 -0.6561793887327642 0.45647596486021935 -1.7688347423257476
25.628140703517573 -0.656892582857894 0.1633757693647283 -1.4771609350805162
26.23115577889446 -0.5228024022001561 0.7283851077708605 -1.7739899121711726
26.83417085427135 -0.3764315114522985 0.9352783186970006 -1.6881413416015976
27.437185929648237 -0.27139352260742594 0.6240022085645094 -1.1667892537793614
28.040201005025125 -0.16205131608078696 0.8273884903220939 -1.151491122483668
28.643216080402 -0.030179598834759066 1.4689198416521667 -1.5292790393216849
29.246231155778887 0.11183340690193062 1.825766641496098 -1.6020998276922367
29.849246231155774 0.27907304660546717 1.9734447658994936 -1.4152986726885592
30.452261306532648 0.491555003373078 1.917429639278748 -0.934319632532592
31.055276381909536 0.696348091034667 1.5918608804960126 -0.1991646984266786
31.658291457286424 0.7449828885322326 1.7568069990494113 -0.266841221984946
32.26130653266331 0.6830943323364718 2.1934962205216832 -0.8273075558487395
32.8643216080402 0.6867340635410921 2.3922172613489767 -1.0187491342667923
33.467336683417074 0.8269250913732937 2.481366494908605 -0.8275163121620177
34.07035175879396 1.1075917515853793 2.4315528824152137 -0.21636937924445543
34.67336683417085 1.4033350682658945 2.220780395136558 0.5858897413952308
35.27638190954772 1.529626974083939 2.6126275848965848 0.44662636327129324
35.87939698492461 1.6591877788037266 2.995317490189548 0.3230580674179051
36.4824120603015 1.9104270625793205 2.9511183936857197 0.8697357314729213
37.08542713567839 1.8606954562652367 2.701453553818681 1.0199373587117924
37.688442211055275 1.2709514694843085 2.6137496691976096 -0.0718467302289929
38.29145728643215 0.5696484814278011 2.14909922896726 -1.0098022661116577
38.894472361809036 -0.035487480013018984 1.3985492578591519 -1.4695242178851897
39.497487437185924 -0.5357487667805658 0.40670329100148517 -1.4782008245626168
40.1005025125628 -0.8509263825658404 0.09787616073188299 -1.7997289258635638
40.703517587939686 -1.0618386759668226 0.3851223238244297 -2.508799675758075
41.306532663316574 -1.4197036880249176 0.19380455129222174 -3.033211927342057
41.90954773869346 -2.040746928236583 -0.6104152895691299 -3.471078566904036
42.51256281407035 -2.6898049101496433 -1.7642228506884945 -3.615386969610792
43.11557788944722 -2.678044283190164 -1.7064850458926646 -3.6496035204876636
43.71859296482411 -2.0570482211036896 -0.5774189377151699 -3.536677504492209
44.321608040201 -1.511518975798998 0.1710034745126463 -3.1940414261106422
44.92462311557787 -1.2518983563261958 0.36127580557524186 -2.8650725182276338
45.52763819095476 -1.2112412994053114 0.025632446909278572 -2.4481150457199012
46.13065326633165 -1.1850554455516236 -0.38799410592047046 -1.9821167851827766
46.73366834170854 -0.9823727462425469 0.23281523840259433 -2.1975607308876883
47.336683417085425 -0.731912383981437 0.8370249844696951 -2.300849752432569
47.9396984924623 -0.5675321254580377 0.9912462950003185 -2.126310545916394
48.542713567839186 -0.48658426922691733 0.6975346255772308 -1.6707031640310654
49.145728643216074 -0.42767363928907487 0.3744333636395629 -1.2297806422177127
49.74874371859295 -0.3407987589043968 0.9424729671022858 -1.6240704849110794
50.351758793969836 -0.25366598342076535 1.4280535062623048 -1.9353854731038354
50.954773869346724 -0.19032063837578744 1.6547145579176437 -2.0353558346692187
51.55778894472361 -0.14758735688812952 1.7602018107878306 -2.0553765245640894
52.1608040201005 -0.118157901612722 1.8155513952974691 -2.051867198522913
52.76381909547737 -0.0970612187215296 1.8484460343419982 -2.0425684717850574
53.36683417085426 -0.08135600580816663 1.8700333443573132 -2.0327453559736464
53.96984924623115 -0.06929230178570413 1.885268770774463 -2.0238533743458715
54.57286432160802 -0.059787969162864996 1.8965997496362634 -2.0161756879619936
55.17587939698491 -0.05214437358567308 1.9053549715812466 -2.0096437187525926
55.7788944723618 -0.04589224230407832 1.9123157043208145 -2.0041001889289713
56.38190954773869 -0.04070533381984764 1.9179724061329717 -1.9993830737726668
56.984924623115575 -0.03635009128018905 1.9226497446493058 -1.995349927209684
57.58793969849245 -0.032655085363689725 1.9265720588730855 -1.991882229600465
58.190954773869336 -0.029491775486721654 1.9298998593839156 -1.988883410357359
58.793969849246224 -0.02676199387890791 1.9327513145139006 -1.9862753022717163
59.3969849246231 -0.024389564370291737 1.9352155016733879 -1.9839946304139715
59.999999999999986 -0.022314545218609004 1.937360913109791 -1.9819900035470093
