-60.0 0.016057434091581266 2.591206160462154 -2.5590912922789912
-59.39698492462311 0.02744496325618251 2.601972085628364 -2.547082159115999
-58.79396984924623 0.04544859343459638 2.618444350402087 -2.527547163532894
-58.19095477386935 0.07292197556348548 2.6424127628974 -2.496568811770429
-57.58793969849246 0.1133640731512651 2.6754063069949257 -2.448678160692395
-56.984924623115575 0.17074795635509746 2.718097840867984 -2.3766019281577893
-56.381909547738694 0.24915023854712623 2.7695998207574513 -2.2712993436631987
-55.77889447236181 0.35214800086501863 2.826858388282707 -2.1225623865526693
-55.175879396984925 0.4819891394229386 2.8844055604283616 -1.9204272815824845
-54.57286432160804 0.6385989208394078 2.9346626786521597 -1.657464836973344
-53.969849246231156 0.8185520886415308 2.968803895276417 -1.331699717993355
-53.366834170854275 1.0142021346237367 2.977963309628686 -0.9495590403812126
-52.76381909547739 1.2131997960604426 2.9544185248158024 -0.5280189326949172
-52.1608040201005 1.398634398152563 2.892415269642774 -0.09514647333764792
-51.55778894472362 1.549982231820473 2.788603706365633 0.311360757275313
-50.95477386934674 1.6449421973258131 2.6427068609609146 0.6471775336907117
-50.35175879396985 1.6620873438275598 2.459784110256539 0.8643905773985805
-49.74874371859296 1.5840793267788473 2.2537531360772545 0.9144055174804403
-49.14572864321608 1.401009126249714 2.041281055866151 0.7607371966332769
-48.5427135678392 1.1132790933997485 1.817843370948041 0.40871481585145586
-47.93969849246231 0.7333733380907098 1.5581155877403177 -0.09136891155889804
-47.336683417085425 0.2859214649906917 1.2451421997947867 -0.6732992698134033
-46.733668341708544 -0.19432162094248337 0.8804862382376151 -1.2691294801225819
-46.13065326633166 -0.6665777291806372 0.4801408878374749 -1.8132963461987492
-45.527638190954775 -1.0897355749856594 0.06980687262727003 -2.249278022598589
-44.92462311557789 -1.428641227643615 -0.3192314361461617 -2.538051019141068
-44.321608040201006 -1.6596578441418561 -0.6541852236019223 -2.66513046468179
-43.718592964824126 -1.77412645192739 -0.9039887324153643 -2.6442641714394157
-43.11557788944724 -1.7787199087813692 -1.0407180777849332 -2.5167217397778052
-42.51256281407035 -1.6924109962993035 -1.0426386475354583 -2.3421833450631486
-41.90954773869347 -1.5407003469551843 -0.9100619203448491 -2.1713387735655196
-41.30653266331659 -1.3485900527242873 -0.6825907168732673 -2.0145893885753074
-40.7035175879397 -1.1342471096925708 -0.4165376933630498 -1.8519565260220918
-40.10050251256281 -0.905179517034794 -0.14918890673474028 -1.6611701273348478
-39.49748743718593 -0.658040272852515 0.11008566389040353 -1.4261662095954335
-38.89447236180905 -0.3820872288950193 0.37255030426016217 -1.1367247620502008
-38.29145728643216 -0.06521405262158976 0.6594037991658563 -0.7898319044090358
-37.688442211055275 0.29929904825331527 0.9914787281439863 -0.3928806316373558
-37.085427135678394 0.7073391295692029 1.380437187883969 0.03424107125443665
-36.48241206030151 1.1413900639320405 1.8211179973038603 0.46166213056022065
-35.879396984924625 1.57151521492989 2.285927279981218 0.8571031498785623
-35.27638190954774 1.9595550919574491 2.726402715441967 1.192707468472931
-34.67336683417086 2.2653887791029574 3.0843196766298955 1.4464578815760194
-34.070351758793976 2.4537103834319995 3.306351060618556 1.6010697062454429
-33.46733668341709 2.4998349515631646 3.3559637438603844 1.6437061592659448
-32.8643216080402 2.3934663191998204 3.220527073483847 1.5664055649157937
-32.26130653266332 2.139944860539247 2.9136154105200167 1.366274310558477
-31.658291457286435 1.7590603229296078 2.472820673164626 1.04529997269459
-31.05527638190955 1.2819385424781702 1.9524984848663078 0.6113786000900324
-30.452261306532666 0.7467435191211166 1.4095364002296105 0.08395063801262281
-29.84924623115578 0.19399133737325147 0.8861138521447837 -0.4981311773982807
-29.246231155778897 -0.337808124630933 0.4041672520339905 -1.0797835012958565
-28.643216080402013 -0.8156363361601016 -0.02584767909105834 -1.605424993229145
-28.04020100502513 -1.2142542878929736 -0.39580778949715045 -2.032700786288797
-27.437185929648244 -1.5172073061483256 -0.6958889851842223 -2.338525627112429
-26.834170854271363 -1.7166775962813487 -0.9137164104522594 -2.5196387821104382
-26.231155778894475 -1.8124776868779735 -1.0364430843296188 -2.588512289426328
-25.628140703517587 -1.810557598734979 -1.0564476502748772 -2.5646675471950804
-25.025125628140707 -1.7213870166571503 -0.9778956966238791 -2.4648783366904214
-24.422110552763826 -1.5584853193527344 -0.8173782753975667 -2.299592363307902
-23.819095477386938 -1.3372406485249855 -0.5965842150452655 -2.0778970820047054
-23.21608040201005 -1.0740262286742916 -0.3344741425371288 -1.8135783148114544
-22.61306532663317 -0.7855249217763979 -0.046116886587109995 -1.5249329569656858
-22.01005025125629 -0.48813332317025404 0.25267966231246275 -1.2289463086529708
-21.4070351758794 -0.1973368066909928 0.5416995551793045 -0.9363731685612899
-20.804020100502512 0.07298869825999968 0.7991103844898606 -0.6531329879698613
-20.20100502512563 0.3113106659474239 1.0094068159564369 -0.386785484061589
-19.59798994974875 0.509102766595085 1.171174044235232 -0.15296851104506204
-18.994974874371863 0.6612966605106985 1.2993220212888166 0.023271299732580242
-18.391959798994975 0.7663982331763313 1.4151446874604605 0.11765177889220202
-17.788944723618094 0.8262035271616572 1.5254014607572468 0.12700559356606766
-17.185929648241213 0.8451363402730363 1.6145483712620772 0.07572430928399543
-16.582914572864325 0.8293171292734212 1.6599316184778201 -0.0012973599309777928
-15.979899497487438 0.7855355672455598 1.647484243221467 -0.07641310873034712
-15.376884422110557 0.7203190929583566 1.5777926891536227 -0.13715450323690936
-14.773869346733676 0.6392625906697945 1.4660189854777435 -0.18749380413815442
-14.170854271356788 0.5467191991581485 1.3368179117583698 -0.24337951344207287
-13.5678391959799 0.4458680799231407 1.2129896183520523 -0.3212534585057709
-12.96482412060302 0.339093677917886 1.1022258048898774 -0.42403844905410537
-12.361809045226138 0.22855085332103206 0.9951041298031086 -0.5380024231610444
-11.75879396984925 0.11676154821039701 0.8778714404978741 -0.6443483440770802
-11.155778894472363 0.0070926398424155665 0.7461094300090857 -0.7319241503242545
-10.552763819095482 -0.09600463320533817 0.6091760869297518 -0.8011853533404281
-9.949748743718601 -0.18706557047479322 0.4854866449589994 -0.8596177859085858
-9.346733668341713 -0.2600104956047489 0.39212684118229474 -0.9121478323917926
-8.743718592964825 -0.3088343716205929 0.33621666926617455 -0.9538854125073604
-8.140703517587944 -0.328502974494623 0.316673476629138 -0.973679425618384
-7.5376884422110635 -0.3159307624504956 0.3341615001310461 -0.9660230250320374
-6.934673366834176 -0.27088480975560136 0.397325158032252 -0.9390947775434547
-6.331658291457288 -0.19664149641517378 0.5164606028802136 -0.9097435957105612
-5.728643216080407 -0.10022504053151239 0.6876490330552096 -0.8880991141182344
-5.125628140703526 0.007910906350600592 0.8849293931399806 -0.8691075804387796
-4.522613065326638 0.11482701900327762 1.0694426672191555 -0.8397886292126002
-3.91959798994975 0.20662630687368813 1.2039046458195521 -0.7906520320721759
-3.3165829145728694 0.27038956102100303 1.262892103850352 -0.722112981808346
-2.7135678391959885 0.2962089648995036 1.2382099805661766 -0.6457920507671695
-2.1105527638191006 0.2789225356358058 1.1401360997092391 -0.5822910284376276
-1.5075376884422127 0.21914882334733193 0.9941978234524931 -0.5559001767578293
-0.9045226130653319 0.12332570121927434 0.8321711293249271 -0.5855197268863784
-0.30150753768845107 0.0026601420572896117 0.6783777042577084 -0.6730574201431292
0.30150753768843686 -0.1288472996917787 0.5413598200426267 -0.799054419426184
0.9045226130653248 -0.25689962653289883 0.42017944853782846 -0.9339787016036261
1.5075376884422056 -0.3693693516483662 0.3150848377673406 -1.053823541064073
2.1105527638190864 -0.45817300293442825 0.23000280211836227 -1.1463488079872188
2.7135678391959743 -0.5201363519440623 0.1686445410860029 -1.2089172449741274
3.3165829145728623 -0.5566863973775292 0.13079669908000036 -1.244169493835059
3.919597989949743 -0.5724993909940765 0.11258645579018078 -1.2575852377783339
4.522613065326624 -0.5734859992388572 0.11042577115535424 -1.2573977696330687
5.125628140703512 -0.564641135094967 0.12491888431960707 -1.2542011545095413
5.7286432160804 -0.5482971415613518 0.16038160296791082 -1.2569758860906144
6.331658291457273 -0.5232024226569907 0.2195426851683494 -1.2659475304823307
6.934673366834161 -0.48464008519933743 0.2992374785541687 -1.2685176489528436
7.537688442211049 -0.4255547549224368 0.39232690996150166 -1.2434364198063752
8.140703517587937 -0.3384246438571218 0.4932749568203223 -1.1701242445345659
8.743718592964825 -0.2174472586028183 0.602071875601554 -1.0369663928071906
9.346733668341699 -0.06053507349266203 0.724536968774275 -0.8456071157595991
9.949748743718587 0.12934132006448978 0.8696621493185608 -0.6109795091895813
10.552763819095475 0.3437764032331557 1.045190221893535 -0.3576374154272236
11.155778894472348 0.5696080992044918 1.252387715628895 -0.11317151721991126
11.758793969849236 0.79049281069393 1.481461658211325 0.099523963176535
12.361809045226124 0.9890142315606605 1.710649292251854 0.26737917086946705
12.964824120603012 1.1488595872098348 1.9108771096888757 0.38684206473079397
13.5678391959799 1.2566246922780502 2.0534442218078333 0.459805162748267
14.170854271356774 1.3029574704820703 2.1170535905619983 0.4888613504021424
14.773869346733662 1.282967613185165 2.092501572170371 0.4734336541999591
15.37688442211055 1.1960432945546022 1.9841001767604791 0.40798641234872535
15.979899497487423 1.0453522448553714 1.8067807217435057 0.28392376796723695
16.58291457286431 0.8373207732951996 1.5788859738804533 0.09575557270994606
17.1859296482412 0.5812821397099288 1.314279880561799 -0.15171560114194138
17.788944723618087 0.2893108904609113 1.0203487722971682 -0.44172699137534577
18.391959798994975 -0.023914415065592384 0.7034730950711285 -0.7513019252023132
18.99497487437185 -0.3414778935829195 0.3757003185505891 -1.058656105716428
19.597989949748737 -0.6450604523038186 0.05717742657913527 -1.3472983311867726
20.201005025125625 -0.9163387196645971 -0.22601730255656927 -1.606660136772625
20.8040201005025 -1.1388311793620944 -0.4474391302364368 -1.830223228487752
21.407035175879386 -1.2998628878604168 -0.5882145800389997 -2.011511195681834
22.010050251256274 -1.3921957169058825 -0.6440171706526178 -2.1403742631591474
22.613065326633162 -1.414889174699269 -0.6259587697579779 -2.2038195796405597
23.21608040201005 -1.373124320663884 -0.5548631165978627 -2.191385524729905
23.819095477386924 -1.2769922773404243 -0.4533028306355291 -2.1006817240453195
24.42211055276381 -1.1395317492403936 -0.33884871732777133 -1.9402147811530157
25.0251256281407 -0.9744999969449388 -0.2195489857179077 -1.7294510081719698
25.628140703517573 -0.794408436392404 -0.09205856371996401 -1.496758309064844
26.23115577889446 -0.6092304111478719 0.055875538831589355 -1.2743363611273333
26.83417085427135 -0.4259391654024051 0.23548433298468635 -1.0873626637894966
27.437185929648237 -0.24874988588903654 0.4434823470185254 -0.9409821187965985
28.040201005025125 -0.07972635886335812 0.6604886964280994 -0.8199414141548156
28.643216080402 0.0806490249730591 0.8635520645162786 -0.7022540145701603
29.246231155778887 0.2332290019584746 1.0380311148857433 -0.5715731109687942
29.849246231155774 0.3803195317082567 1.1830183479513168 -0.4223792845348032
30.452261306532648 0.5259234619400208 1.3117316817388838 -0.25988475785884213
31.055276381909536 0.6756792316024197 1.4461360545761957 -0.09477759137135633
31.658291457286424 0.8360570435935297 1.6050456431131461 0.06706844407391332
32.26130653266331 1.0125857118085233 1.7923330037103735 0.23283841990667298
32.8643216080402 1.2072611773223856 1.9960669028188671 0.41845545182590416
33.467336683417074 1.4157077567925234 2.197334544636038 0.6340809689490086
34.07035175879396 1.6249664380200615 2.3781850412267977 0.8717478348133253
34.67336683417085 1.8128347223471921 2.524151768433548 1.101517676260836
35.27638190954772 1.949420455081218 2.6222242763708747 1.2766166337915614
35.87939698492461 2.0010451171254586 2.6550803182169798 1.3470099160339377
36.4824120603015 1.9359848470524723 2.5955165975634253 1.2764530965415193
37.08542713567839 1.7309654308799134 2.4108618876904133 1.0510689740694132
37.688442211055275 1.3770097538316528 2.0783693490709454 0.6756501585923603
38.29145728643215 0.8832743296103059 1.5986812605233194 0.1678673986972925
38.894472361809036 0.27789792397260105 0.9991340292920906 -0.4433381813468885
39.497487437185924 -0.394488075404392 0.3281629122732804 -1.1171390630820643
40.1005025125628 -1.0782374189093284 -0.3548442796758382 -1.8016305581428187
40.703517587939686 -1.7141997569424283 -0.9894911671130282 -2.4389083467718287
41.306532663316574 -2.247925763823822 -1.5213084478079033 -2.9745430798397408
41.90954773869346 -2.6371259949702175 -1.9067688393567392 -3.3674831505836957
42.51256281407035 -2.857117950491905 -2.118916973330988 -3.595318927652822
43.11557788944722 -2.9033951106272964 -2.1530823455121593 -3.6537078757424335
43.71859296482411 -2.7909921568575182 -2.028306968175492 -3.5536773455395445
44.321608040201 -2.5509029340111065 -1.7813545711102616 -3.3204512969119513
44.92462311557787 -2.2243270700874023 -1.4561139554683753 -2.9925401847064292
45.52763819095476 -1.8558798371055167 -1.094613194186174 -2.6171464800248594
46.13065326633165 -1.4870254640249283 -0.7335574000110283 -2.2404935280388285
46.73366834170854 -1.1508601457736813 -0.40458584483324944 -1.8971344467141131
47.336683417085425 -0.8690102870096179 -0.13177133366539096 -1.6062492403538449
47.9396984924623 -0.6509138265017687 0.07748817689125087 -1.379315829894788
48.542713567839186 -0.49524241754493514 0.2430866803806262 -1.2335715154704965
49.145728643216074 -0.3928234705120719 0.40942794920929926 -1.195074890233443
49.74874371859295 -0.3302196598683137 0.615856503807267 -1.2762958235438944
50.351758793969836 -0.29314428385295044 0.8682787583113193 -1.4545673260172203
50.954773869346724 -0.26909535289818254 1.1472790463596998 -1.6854697521560649
51.55778894472361 -0.24889656739946658 1.427896674516403 -1.925689809315336
52.1608040201005 -0.22714317538807488 1.6891046430741279 -2.1433909938502778
52.76381909547737 -0.2017862453296956 1.9165859420538525 -2.3201584327132436
53.36683417085426 -0.17320857928666056 2.103166364526886 -2.449583523100207
53.96984924623115 -0.14314911509033101 2.2480160088621552 -2.534314239042817
54.57286432160802 -0.11375154833616209 2.354995571720434 -2.5824986683927578
55.17587939698491 -0.08689261334110324 2.4306215846720254 -2.6044068113542322
55.7788944723618 -0.06382863060031492 2.482177150174599 -2.609834411375229
56.38190954773869 -0.04511383309488425 2.516354420283175 -2.606582086472944
56.984924623115575 -0.030700964696047817 2.538560322985607 -2.599962252377703
57.58793969849245 -0.020129142821922862 2.5527802219962874 -2.5930385076401334
58.190954773869336 -0.01272307738774153 2.5617732207950583 -2.587219375570541
58.793969849246224 -0.007756909827882785 2.5673813179544 -2.5828951376101656
59.3969849246231 -0.004563764644793778 2.570816111237153 -2.5799436405267406
59.999999999999986 -0.0025922529430632618 2.5728723413600614 -2.578056847246188
