-50.180387956953886 1.774746809131112
-48.3378459927917 1.1305369345591045
-43.02028859716906 -2.475911069911202
-41.290170735721084 -0.6658953170536108
-38.06586017284343 -0.4729198308342458
-35.65718050254557 2.1306411296176795
-31.758550243589834 2.1188138112820263
-29.518575914319683 -0.31968567118419766
-25.818038249147143 -1.9605976354547705
-22.68316859590379 -0.8724173954600776
-19.64445405169167 0.5740047765630208
-17.76974942243886 0.8676390358505386
-13.802654735166954 0.5141365067427437
-10.465134162512223 -0.09810668860749949
-8.325354601305097 -0.3731931361113975
-6.041351180348173 -0.18085353255813533
-1.3290315383324978 0.3516710819870855
1.0978776236583283 -0.46329263633606677
3.652659243622095 -0.5371530550462247
6.248188739533527 -0.5364893276186941
10.011308763571451 0.023146686618864543
12.541327982462871 1.2263043029811556
16.200403647122606 1.029662116642863
19.217152130517203 -0.4033065347311381
21.80883040391566 -1.5993666097611197
25.498341248944154 -0.7767816641190832
27.69579332199591 -0.25555391883596085
31.288945360321723 0.8641761457612352
34.77796621355683 1.625672793134455
36.92803505082113 2.317634400344302
39.796190176184496 -0.8454503575823562
42.789118246087526 -3.3354293423553245
46.13749437395509 -1.338092015158637
49.10408077094962 -0.468788199237547
